Some((
    red: 0.08788813,
    green: 0.08788807,
    blue: 0.087887965,
))